{
  "advancedEditorSelectedIdentifier" : "ProjectBrowser",
  "openSceneRelativePaths" : [
    "Immersive.usda"
  ],
  "recentIdentifiers" : {
    "AF09ED6F-1707-48FD-8720-65B998362C09" : [

    ]
  },
  "sceneCameraHistory" : {
    "AF09ED6F-1707-48FD-8720-65B998362C09" : [
      {
        "date" : 743496401.181,
        "title" : "Untitled",
        "transform" : [
          0.99259174,
          2.9057035e-05,
          -0.1214969,
          0,
          -0.09053467,
          0.6670623,
          -0.7394805,
          0,
          0.08102431,
          0.7450019,
          0.66212314,
          0,
          0.9425082,
          3.8165808,
          1.6204934,
          1
        ]
      },
      {
        "date" : 743496393.38147,
        "title" : "Untitled",
        "transform" : [
          0.8969223,
          2.903438e-05,
          0.44218838,
          0,
          0.36722276,
          0.5570191,
          -0.74490076,
          0,
          -0.24632904,
          0.8304997,
          0.4995922,
          0,
          0.14261258,
          4.0190454,
          1.3811388,
          1
        ]
      },
      {
        "date" : 743496390.804642,
        "title" : "Untitled",
        "transform" : [
          0.99679065,
          2.9032173e-05,
          -0.08005327,
          0,
          -0.07627144,
          0.3040734,
          -0.94959044,
          0,
          0.024314474,
          0.95264864,
          0.30309975,
          0,
          0.7371887,
          4.187469,
          -0.04757088,
          1
        ]
      },
      {
        "date" : 743459778.467692,
        "title" : "Untitled",
        "transform" : [
          0.79218525,
          2.903752e-05,
          0.61028075,
          0,
          0.32413983,
          0.84726876,
          -0.4207955,
          0,
          -0.51708406,
          0.5311643,
          0.6711844,
          0,
          -1.070185,
          3.190257,
          2.5995326,
          1
        ]
      },
      {
        "date" : 743459774.570947,
        "title" : "Untitled",
        "transform" : [
          0.9242409,
          2.5860447e-07,
          0.38180974,
          0,
          0.22345339,
          0.81085396,
          -0.5409107,
          0,
          -0.30959207,
          0.58524853,
          0.74942434,
          0,
          -1.070185,
          3.190257,
          2.5995326,
          1
        ]
      },
      {
        "date" : 743459773.190766,
        "title" : "Untitled",
        "transform" : [
          0.9246382,
          0.0014676114,
          0.38084394,
          0,
          0.21960616,
          0.8149476,
          -0.5363149,
          0,
          -0.31115493,
          0.57953286,
          0.75320935,
          0,
          -1.070185,
          3.190257,
          2.5995326,
          1
        ]
      },
      {
        "date" : 743459770.913761,
        "title" : "Untitled",
        "transform" : [
          0.9983388,
          -2.5241418e-06,
          0.05761766,
          0,
          0.028992338,
          0.8642008,
          -0.50231117,
          0,
          -0.04979196,
          0.5031472,
          0.8627652,
          0,
          0,
          3.0067093,
          3.0067098,
          1
        ]
      }
    ]
  },
  "sceneViewportBackgroundColors" : {

  },
  "selectedSceneRelativePath" : "Immersive.usda"
}