{
  "advancedEditorSelectedIdentifier" : "ProjectBrowser",
  "openSceneRelativePaths" : [
    "Immersive.usda",
    "Debug.usda"
  ],
  "recentIdentifiers" : {
    "AF09ED6F-1707-48FD-8720-65B998362C09" : [

    ]
  },
  "sceneCameraHistory" : {
    "6F2B86B7-B53C-482B-B9A3-99C5DB8CD98E" : [
      {
        "date" : 743897907.373449,
        "title" : "Untitled",
        "transform" : [
          0.88980025,
          2.2568882e-08,
          -0.45635033,
          0,
          -0.21605895,
          0.88082093,
          -0.42127565,
          0,
          0.4019629,
          0.47344965,
          0.78375465,
          0,
          0.9996747,
          1.7117879,
          2.9160635,
          1
        ]
      },
      {
        "date" : 743895537.230201,
        "title" : "Untitled",
        "transform" : [
          0.88980025,
          2.2568882e-08,
          -0.45635033,
          0,
          -0.21605895,
          0.88082093,
          -0.42127565,
          0,
          0.4019629,
          0.47344965,
          0.78375465,
          0,
          0.8182404,
          1.4011097,
          2.29607,
          1
        ]
      },
      {
        "date" : 743895519.178863,
        "title" : "Untitled",
        "transform" : [
          -0.006515226,
          2.2562556e-08,
          -0.9999788,
          0,
          -0.47728232,
          0.8787446,
          0.0031096877,
          0,
          0.87872595,
          0.4772924,
          -0.005725188,
          0,
          2.85871,
          1.4135941,
          0.029303163,
          1
        ]
      },
      {
        "date" : 743895483.9641,
        "title" : "Untitled",
        "transform" : [
          -0.006515226,
          2.2562556e-08,
          -0.9999788,
          0,
          -0.47728232,
          0.8787446,
          0.0031096877,
          0,
          0.87872595,
          0.4772924,
          -0.005725188,
          0,
          0.2544861,
          0.12584002,
          -0.00650118,
          1
        ]
      },
      {
        "date" : 743894910.506415,
        "title" : "Untitled",
        "transform" : [
          0.83149356,
          2.2524263e-08,
          -0.55553436,
          0,
          -0.19134524,
          0.9388104,
          -0.2863951,
          0,
          0.5215414,
          0.34443453,
          0.7806148,
          0,
          0.1620485,
          0.08644271,
          0.23382762,
          1
        ]
      },
      {
        "date" : 743894902.342254,
        "title" : "Untitled",
        "transform" : [
          -0.2981307,
          -4.2626542e-09,
          -0.95452505,
          0,
          -0.20504403,
          0.97665536,
          0.06404223,
          0,
          0.932242,
          0.21481262,
          -0.29117092,
          0,
          0.18776995,
          0.08113166,
          -0.06577484,
          1
        ]
      },
      {
        "date" : 743894873.780096,
        "title" : "Untitled",
        "transform" : [
          -0.13278864,
          1.0652491e-09,
          -0.9911444,
          0,
          -0.12891234,
          0.9915056,
          0.01727104,
          0,
          0.9827252,
          0.13006414,
          -0.13166067,
          0,
          0.57949954,
          0.1701129,
          0.10842825,
          1
        ]
      },
      {
        "date" : 743894847.588525,
        "title" : "Untitled",
        "transform" : [
          0.8704178,
          -2.3917723e-09,
          -0.4923139,
          0,
          -0.23538162,
          0.87829834,
          -0.41615796,
          0,
          0.43239844,
          0.4781129,
          0.76448643,
          0,
          0.30669975,
          0.44769788,
          0.41948417,
          1
        ]
      },
      {
        "date" : 743894837.796799,
        "title" : "Untitled",
        "transform" : [
          1,
          0,
          0,
          0,
          0,
          0.7071069,
          -0.70710677,
          0,
          0,
          0.70710677,
          0.7071069,
          0,
          0,
          0.5883898,
          0.5883898,
          1
        ]
      }
    ],
    "AF09ED6F-1707-48FD-8720-65B998362C09" : [
      {
        "date" : 743496401.181,
        "title" : "Untitled",
        "transform" : [
          0.99259174,
          2.9057035e-05,
          -0.1214969,
          0,
          -0.09053467,
          0.6670623,
          -0.7394805,
          0,
          0.08102431,
          0.7450019,
          0.66212314,
          0,
          0.9425082,
          3.8165808,
          1.6204934,
          1
        ]
      },
      {
        "date" : 743496393.38147,
        "title" : "Untitled",
        "transform" : [
          0.8969223,
          2.903438e-05,
          0.44218838,
          0,
          0.36722276,
          0.5570191,
          -0.74490076,
          0,
          -0.24632904,
          0.8304997,
          0.4995922,
          0,
          0.14261258,
          4.0190454,
          1.3811388,
          1
        ]
      },
      {
        "date" : 743496390.804642,
        "title" : "Untitled",
        "transform" : [
          0.99679065,
          2.9032173e-05,
          -0.08005327,
          0,
          -0.07627144,
          0.3040734,
          -0.94959044,
          0,
          0.024314474,
          0.95264864,
          0.30309975,
          0,
          0.7371887,
          4.187469,
          -0.04757088,
          1
        ]
      },
      {
        "date" : 743459778.467692,
        "title" : "Untitled",
        "transform" : [
          0.79218525,
          2.903752e-05,
          0.61028075,
          0,
          0.32413983,
          0.84726876,
          -0.4207955,
          0,
          -0.51708406,
          0.5311643,
          0.6711844,
          0,
          -1.070185,
          3.190257,
          2.5995326,
          1
        ]
      },
      {
        "date" : 743459774.570947,
        "title" : "Untitled",
        "transform" : [
          0.9242409,
          2.5860447e-07,
          0.38180974,
          0,
          0.22345339,
          0.81085396,
          -0.5409107,
          0,
          -0.30959207,
          0.58524853,
          0.74942434,
          0,
          -1.070185,
          3.190257,
          2.5995326,
          1
        ]
      },
      {
        "date" : 743459773.190766,
        "title" : "Untitled",
        "transform" : [
          0.9246382,
          0.0014676114,
          0.38084394,
          0,
          0.21960616,
          0.8149476,
          -0.5363149,
          0,
          -0.31115493,
          0.57953286,
          0.75320935,
          0,
          -1.070185,
          3.190257,
          2.5995326,
          1
        ]
      },
      {
        "date" : 743459770.913761,
        "title" : "Untitled",
        "transform" : [
          0.9983388,
          -2.5241418e-06,
          0.05761766,
          0,
          0.028992338,
          0.8642008,
          -0.50231117,
          0,
          -0.04979196,
          0.5031472,
          0.8627652,
          0,
          0,
          3.0067093,
          3.0067098,
          1
        ]
      }
    ]
  },
  "sceneViewportBackgroundColors" : {

  },
  "selectedSceneRelativePath" : "Debug.usda"
}