{
  "advancedEditorSelectedIdentifier" : "ShaderGraphEditorPluginID",
  "openSceneRelativePaths" : [
    "BasicUnit.usda"
  ],
  "recentIdentifiers" : {
    "AF09ED6F-1707-48FD-8720-65B998362C09" : [

    ],
    "F552F539-F6DB-4ED4-9973-9E895D9567C1" : [

    ]
  },
  "sceneCameraHistory" : {
    "6F2B86B7-B53C-482B-B9A3-99C5DB8CD98E" : [
      {
        "date" : 743897907.373449,
        "title" : "Untitled",
        "transform" : [
          0.88980025,
          2.2568882e-08,
          -0.45635033,
          0,
          -0.21605895,
          0.88082093,
          -0.42127565,
          0,
          0.4019629,
          0.47344965,
          0.78375465,
          0,
          0.9996747,
          1.7117879,
          2.9160635,
          1
        ]
      },
      {
        "date" : 743895537.230201,
        "title" : "Untitled",
        "transform" : [
          0.88980025,
          2.2568882e-08,
          -0.45635033,
          0,
          -0.21605895,
          0.88082093,
          -0.42127565,
          0,
          0.4019629,
          0.47344965,
          0.78375465,
          0,
          0.8182404,
          1.4011097,
          2.29607,
          1
        ]
      },
      {
        "date" : 743895519.178863,
        "title" : "Untitled",
        "transform" : [
          -0.006515226,
          2.2562556e-08,
          -0.9999788,
          0,
          -0.47728232,
          0.8787446,
          0.0031096877,
          0,
          0.87872595,
          0.4772924,
          -0.005725188,
          0,
          2.85871,
          1.4135941,
          0.029303163,
          1
        ]
      },
      {
        "date" : 743895483.9641,
        "title" : "Untitled",
        "transform" : [
          -0.006515226,
          2.2562556e-08,
          -0.9999788,
          0,
          -0.47728232,
          0.8787446,
          0.0031096877,
          0,
          0.87872595,
          0.4772924,
          -0.005725188,
          0,
          0.2544861,
          0.12584002,
          -0.00650118,
          1
        ]
      },
      {
        "date" : 743894910.506415,
        "title" : "Untitled",
        "transform" : [
          0.83149356,
          2.2524263e-08,
          -0.55553436,
          0,
          -0.19134524,
          0.9388104,
          -0.2863951,
          0,
          0.5215414,
          0.34443453,
          0.7806148,
          0,
          0.1620485,
          0.08644271,
          0.23382762,
          1
        ]
      },
      {
        "date" : 743894902.342254,
        "title" : "Untitled",
        "transform" : [
          -0.2981307,
          -4.2626542e-09,
          -0.95452505,
          0,
          -0.20504403,
          0.97665536,
          0.06404223,
          0,
          0.932242,
          0.21481262,
          -0.29117092,
          0,
          0.18776995,
          0.08113166,
          -0.06577484,
          1
        ]
      },
      {
        "date" : 743894873.780096,
        "title" : "Untitled",
        "transform" : [
          -0.13278864,
          1.0652491e-09,
          -0.9911444,
          0,
          -0.12891234,
          0.9915056,
          0.01727104,
          0,
          0.9827252,
          0.13006414,
          -0.13166067,
          0,
          0.57949954,
          0.1701129,
          0.10842825,
          1
        ]
      },
      {
        "date" : 743894847.588525,
        "title" : "Untitled",
        "transform" : [
          0.8704178,
          -2.3917723e-09,
          -0.4923139,
          0,
          -0.23538162,
          0.87829834,
          -0.41615796,
          0,
          0.43239844,
          0.4781129,
          0.76448643,
          0,
          0.30669975,
          0.44769788,
          0.41948417,
          1
        ]
      },
      {
        "date" : 743894837.796799,
        "title" : "Untitled",
        "transform" : [
          1,
          0,
          0,
          0,
          0,
          0.7071069,
          -0.70710677,
          0,
          0,
          0.70710677,
          0.7071069,
          0,
          0,
          0.5883898,
          0.5883898,
          1
        ]
      }
    ],
    "AF09ED6F-1707-48FD-8720-65B998362C09" : [
      {
        "date" : 743496401.181,
        "title" : "Untitled",
        "transform" : [
          0.99259174,
          2.9057035e-05,
          -0.1214969,
          0,
          -0.09053467,
          0.6670623,
          -0.7394805,
          0,
          0.08102431,
          0.7450019,
          0.66212314,
          0,
          0.9425082,
          3.8165808,
          1.6204934,
          1
        ]
      },
      {
        "date" : 743496393.38147,
        "title" : "Untitled",
        "transform" : [
          0.8969223,
          2.903438e-05,
          0.44218838,
          0,
          0.36722276,
          0.5570191,
          -0.74490076,
          0,
          -0.24632904,
          0.8304997,
          0.4995922,
          0,
          0.14261258,
          4.0190454,
          1.3811388,
          1
        ]
      },
      {
        "date" : 743496390.804642,
        "title" : "Untitled",
        "transform" : [
          0.99679065,
          2.9032173e-05,
          -0.08005327,
          0,
          -0.07627144,
          0.3040734,
          -0.94959044,
          0,
          0.024314474,
          0.95264864,
          0.30309975,
          0,
          0.7371887,
          4.187469,
          -0.04757088,
          1
        ]
      },
      {
        "date" : 743459778.467692,
        "title" : "Untitled",
        "transform" : [
          0.79218525,
          2.903752e-05,
          0.61028075,
          0,
          0.32413983,
          0.84726876,
          -0.4207955,
          0,
          -0.51708406,
          0.5311643,
          0.6711844,
          0,
          -1.070185,
          3.190257,
          2.5995326,
          1
        ]
      },
      {
        "date" : 743459774.570947,
        "title" : "Untitled",
        "transform" : [
          0.9242409,
          2.5860447e-07,
          0.38180974,
          0,
          0.22345339,
          0.81085396,
          -0.5409107,
          0,
          -0.30959207,
          0.58524853,
          0.74942434,
          0,
          -1.070185,
          3.190257,
          2.5995326,
          1
        ]
      },
      {
        "date" : 743459773.190766,
        "title" : "Untitled",
        "transform" : [
          0.9246382,
          0.0014676114,
          0.38084394,
          0,
          0.21960616,
          0.8149476,
          -0.5363149,
          0,
          -0.31115493,
          0.57953286,
          0.75320935,
          0,
          -1.070185,
          3.190257,
          2.5995326,
          1
        ]
      },
      {
        "date" : 743459770.913761,
        "title" : "Untitled",
        "transform" : [
          0.9983388,
          -2.5241418e-06,
          0.05761766,
          0,
          0.028992338,
          0.8642008,
          -0.50231117,
          0,
          -0.04979196,
          0.5031472,
          0.8627652,
          0,
          0,
          3.0067093,
          3.0067098,
          1
        ]
      }
    ],
    "F552F539-F6DB-4ED4-9973-9E895D9567C1" : [
      {
        "date" : 744364153.735997,
        "title" : "Untitled",
        "transform" : [
          -0.5566685,
          -1.2684147e-09,
          0.8307347,
          0,
          0.4042633,
          0.87360626,
          0.2708935,
          0,
          -0.725735,
          0.48663342,
          -0.48630908,
          0,
          -0.45146418,
          0.30984175,
          -0.37509012,
          1
        ]
      },
      {
        "date" : 744363731.501414,
        "title" : "Untitled",
        "transform" : [
          -0.967881,
          6.5650916e-09,
          -0.25140852,
          0,
          -0.14655131,
          0.8125287,
          0.56419826,
          0,
          0.20427667,
          0.5829211,
          -0.78643125,
          0,
          0.19233306,
          0.28432685,
          -0.46230635,
          1
        ]
      },
      {
        "date" : 744363715.970136,
        "title" : "Untitled",
        "transform" : [
          -0.9841498,
          0.07913438,
          -0.15870367,
          0,
          -0.13403225,
          0.25408173,
          0.95785064,
          0,
          0.11612262,
          0.9639399,
          -0.2394479,
          0,
          0.08009711,
          0.37041834,
          0.04364168,
          1
        ]
      },
      {
        "date" : 744363711.315442,
        "title" : "Untitled",
        "transform" : [
          -0.99814993,
          -9.329167e-05,
          0.060801107,
          0,
          0.03743953,
          0.786982,
          0.6158388,
          0,
          -0.04790683,
          0.61697584,
          -0.7855226,
          0,
          0.050856665,
          0.18177734,
          -0.27764642,
          1
        ]
      },
      {
        "date" : 744363695.516302,
        "title" : "Untitled",
        "transform" : [
          -0.99988824,
          1.0723378e-09,
          0.014949238,
          0,
          0.007598744,
          0.8611783,
          0.50824624,
          0,
          -0.012873958,
          0.50830305,
          -0.861082,
          0,
          0.04485757,
          0.11480941,
          -0.20285061,
          1
        ]
      },
      {
        "date" : 744363638.571464,
        "title" : "Untitled",
        "transform" : [
          -0.6868881,
          1.2134642e-07,
          0.7267633,
          0,
          0.3639746,
          0.8655539,
          0.34400436,
          0,
          -0.6290527,
          0.50081575,
          -0.59453875,
          0,
          -0.2976306,
          0.21022223,
          -0.26926023,
          1
        ]
      },
      {
        "date" : 744363632.22095,
        "title" : "Untitled",
        "transform" : [
          -0.8852847,
          1.2132507e-07,
          0.46504945,
          0,
          0.23449166,
          0.8635698,
          0.44638658,
          0,
          -0.40160254,
          0.50422937,
          -0.7645052,
          0,
          -0.19396426,
          0.2118049,
          -0.35042116,
          1
        ]
      },
      {
        "date" : 744363624.518372,
        "title" : "Untitled",
        "transform" : [
          -0.9306253,
          1.2144896e-07,
          0.3659734,
          0,
          0.25592402,
          0.7148316,
          0.6507832,
          0,
          -0.26160923,
          0.69929665,
          -0.66524047,
          0,
          -0.13140811,
          0.3029168,
          -0.31024465,
          1
        ]
      },
      {
        "date" : 744363577.170218,
        "title" : "Untitled",
        "transform" : [
          -0.6122432,
          1.2999408e-07,
          0.79066944,
          0,
          0.29242185,
          0.92909515,
          0.22643246,
          0,
          -0.73460716,
          0.36984077,
          -0.5688324,
          0,
          -0.3433913,
          0.1497366,
          -0.25483286,
          1
        ]
      },
      {
        "date" : 744363558.903187,
        "title" : "Untitled",
        "transform" : [
          -0.5148194,
          1.3005662e-07,
          0.8572988,
          0,
          0.3901956,
          0.8904171,
          0.2343176,
          0,
          -0.7633534,
          0.4551454,
          -0.45840412,
          0,
          -0.3574067,
          0.18907973,
          -0.2044205,
          1
        ]
      }
    ]
  },
  "sceneViewportBackgroundColors" : {

  },
  "selectedSceneRelativePath" : "BasicUnit.usda"
}